Depth [m],TIME,Temperature [degrees_C],LAT,LON,STATION,num_days
0.49402499198913574,1994-07-16 12:00:00,7.119201877568386,53.233000000000004,-55.65,SI-01,31
1.5413750410079956,1994-07-16 12:00:00,7.050355655393399,53.233000000000004,-55.65,SI-01,31
2.6456689834594727,1994-07-16 12:00:00,6.920448508105079,53.233000000000004,-55.65,SI-01,31
3.8194949626922607,1994-07-16 12:00:00,6.728839329386585,53.233000000000004,-55.65,SI-01,31
5.078224182128906,1994-07-16 12:00:00,6.4770589465168085,53.233000000000004,-55.65,SI-01,31
6.440614223480225,1994-07-16 12:00:00,6.1698239076164185,53.233000000000004,-55.65,SI-01,31
7.92956018447876,1994-07-16 12:00:00,5.813176965734007,53.233000000000004,-55.65,SI-01,31
9.572997093200684,1994-07-16 12:00:00,5.4588185213848535,53.233000000000004,-55.65,SI-01,31
11.404999732971191,1994-07-16 12:00:00,5.082685142982982,53.233000000000004,-55.65,SI-01,31
13.467140197753906,1994-07-16 12:00:00,4.648326084059438,53.233000000000004,-55.65,SI-01,31
15.810070037841797,1994-07-16 12:00:00,4.143886832338437,53.233000000000004,-55.65,SI-01,31
18.495559692382812,1994-07-16 12:00:00,3.5847109357829536,53.233000000000004,-55.65,SI-01,31
21.598819732666016,1994-07-16 12:00:00,3.0506821928753403,53.233000000000004,-55.65,SI-01,31
25.211410522460938,1994-07-16 12:00:00,2.4332593825437767,53.233000000000004,-55.65,SI-01,31
29.444730758666992,1994-07-16 12:00:00,1.4463999570756843,53.233000000000004,-55.65,SI-01,31
34.43415069580078,1994-07-16 12:00:00,0.41856646504241385,53.233000000000004,-55.65,SI-01,31
40.344051361083984,1994-07-16 12:00:00,-0.1329205686145791,53.233000000000004,-55.65,SI-01,31
47.37369155883789,1994-07-16 12:00:00,-0.4782576386431614,53.233000000000004,-55.65,SI-01,31
55.76428985595703,1994-07-16 12:00:00,-0.9315914797994457,53.233000000000004,-55.65,SI-01,31
65.80726623535156,1994-07-16 12:00:00,nan,53.233000000000004,-55.65,SI-01,31
77.85385131835938,1994-07-16 12:00:00,nan,53.233000000000004,-55.65,SI-01,31
92.3260726928711,1994-07-16 12:00:00,nan,53.233000000000004,-55.65,SI-01,31
109.72930145263672,1994-07-16 12:00:00,nan,53.233000000000004,-55.65,SI-01,31
130.66600036621094,1994-07-16 12:00:00,nan,53.233000000000004,-55.65,SI-01,31
155.85069274902344,1994-07-16 12:00:00,nan,53.233000000000004,-55.65,SI-01,31
186.12559509277344,1994-07-16 12:00:00,nan,53.233000000000004,-55.65,SI-01,31
222.47520446777344,1994-07-16 12:00:00,nan,53.233000000000004,-55.65,SI-01,31
266.0403137207031,1994-07-16 12:00:00,nan,53.233000000000004,-55.65,SI-01,31
318.1274108886719,1994-07-16 12:00:00,nan,53.233000000000004,-55.65,SI-01,31
380.2130126953125,1994-07-16 12:00:00,nan,53.233000000000004,-55.65,SI-01,31
453.9377136230469,1994-07-16 12:00:00,nan,53.233000000000004,-55.65,SI-01,31
541.0889282226562,1994-07-16 12:00:00,nan,53.233000000000004,-55.65,SI-01,31
643.5667724609375,1994-07-16 12:00:00,nan,53.233000000000004,-55.65,SI-01,31
763.3331298828125,1994-07-16 12:00:00,nan,53.233000000000004,-55.65,SI-01,31
902.3392944335938,1994-07-16 12:00:00,nan,53.233000000000004,-55.65,SI-01,31
1062.43994140625,1994-07-16 12:00:00,nan,53.233000000000004,-55.65,SI-01,31
1245.291015625,1994-07-16 12:00:00,nan,53.233000000000004,-55.65,SI-01,31
1452.2509765625,1994-07-16 12:00:00,nan,53.233000000000004,-55.65,SI-01,31
1684.2840576171875,1994-07-16 12:00:00,nan,53.233000000000004,-55.65,SI-01,31
1941.8929443359375,1994-07-16 12:00:00,nan,53.233000000000004,-55.65,SI-01,31
2225.077880859375,1994-07-16 12:00:00,nan,53.233000000000004,-55.65,SI-01,31
2533.3359375,1994-07-16 12:00:00,nan,53.233000000000004,-55.65,SI-01,31
2865.702880859375,1994-07-16 12:00:00,nan,53.233000000000004,-55.65,SI-01,31
3220.820068359375,1994-07-16 12:00:00,nan,53.233000000000004,-55.65,SI-01,31
3597.031982421875,1994-07-16 12:00:00,nan,53.233000000000004,-55.65,SI-01,31
3992.48388671875,1994-07-16 12:00:00,nan,53.233000000000004,-55.65,SI-01,31
4405.22412109375,1994-07-16 12:00:00,nan,53.233000000000004,-55.65,SI-01,31
4833.291015625,1994-07-16 12:00:00,nan,53.233000000000004,-55.65,SI-01,31
5274.7841796875,1994-07-16 12:00:00,nan,53.233000000000004,-55.65,SI-01,31
5727.9169921875,1994-07-16 12:00:00,nan,53.233000000000004,-55.65,SI-01,31
0.49402499198913574,1994-07-16 12:00:00,6.162045584763041,53.333,-55.5,SI-02,31
1.5413750410079956,1994-07-16 12:00:00,6.082218448707896,53.333,-55.5,SI-02,31
2.6456689834594727,1994-07-16 12:00:00,5.931343529754803,53.333,-55.5,SI-02,31
3.8194949626922607,1994-07-16 12:00:00,5.731371093178978,53.333,-55.5,SI-02,31
5.078224182128906,1994-07-16 12:00:00,5.490371349778094,53.333,-55.5,SI-02,31
6.440614223480225,1994-07-16 12:00:00,5.217852209954277,53.333,-55.5,SI-02,31
7.92956018447876,1994-07-16 12:00:00,4.9204132150434825,53.333,-55.5,SI-02,31
9.572997093200684,1994-07-16 12:00:00,4.584167600115959,53.333,-55.5,SI-02,31
11.404999732971191,1994-07-16 12:00:00,4.200337907962535,53.333,-55.5,SI-02,31
13.467140197753906,1994-07-16 12:00:00,3.7352600143464074,53.333,-55.5,SI-02,31
15.810070037841797,1994-07-16 12:00:00,3.1757309068319666,53.333,-55.5,SI-02,31
18.495559692382812,1994-07-16 12:00:00,2.501207750245261,53.333,-55.5,SI-02,31
21.598819732666016,1994-07-16 12:00:00,1.7526613800363182,53.333,-55.5,SI-02,31
25.211410522460938,1994-07-16 12:00:00,0.9836276272205147,53.333,-55.5,SI-02,31
29.444730758666992,1994-07-16 12:00:00,0.25632441754314134,53.333,-55.5,SI-02,31
34.43415069580078,1994-07-16 12:00:00,-0.3239372388962375,53.333,-55.5,SI-02,31
40.344051361083984,1994-07-16 12:00:00,-0.7569957951003272,53.333,-55.5,SI-02,31
47.37369155883789,1994-07-16 12:00:00,-1.0888712498352924,53.333,-55.5,SI-02,31
55.76428985595703,1994-07-16 12:00:00,-1.2772407287835146,53.333,-55.5,SI-02,31
65.80726623535156,1994-07-16 12:00:00,-1.3827337233739192,53.333,-55.5,SI-02,31
77.85385131835938,1994-07-16 12:00:00,-1.409884855552319,53.333,-55.5,SI-02,31
92.3260726928711,1994-07-16 12:00:00,-1.392328171652988,53.333,-55.5,SI-02,31
109.72930145263672,1994-07-16 12:00:00,nan,53.333,-55.5,SI-02,31
130.66600036621094,1994-07-16 12:00:00,nan,53.333,-55.5,SI-02,31
155.85069274902344,1994-07-16 12:00:00,nan,53.333,-55.5,SI-02,31
186.12559509277344,1994-07-16 12:00:00,nan,53.333,-55.5,SI-02,31
222.47520446777344,1994-07-16 12:00:00,nan,53.333,-55.5,SI-02,31
266.0403137207031,1994-07-16 12:00:00,nan,53.333,-55.5,SI-02,31
318.1274108886719,1994-07-16 12:00:00,nan,53.333,-55.5,SI-02,31
380.2130126953125,1994-07-16 12:00:00,nan,53.333,-55.5,SI-02,31
453.9377136230469,1994-07-16 12:00:00,nan,53.333,-55.5,SI-02,31
541.0889282226562,1994-07-16 12:00:00,nan,53.333,-55.5,SI-02,31
643.5667724609375,1994-07-16 12:00:00,nan,53.333,-55.5,SI-02,31
763.3331298828125,1994-07-16 12:00:00,nan,53.333,-55.5,SI-02,31
902.3392944335938,1994-07-16 12:00:00,nan,53.333,-55.5,SI-02,31
1062.43994140625,1994-07-16 12:00:00,nan,53.333,-55.5,SI-02,31
1245.291015625,1994-07-16 12:00:00,nan,53.333,-55.5,SI-02,31
1452.2509765625,1994-07-16 12:00:00,nan,53.333,-55.5,SI-02,31
1684.2840576171875,1994-07-16 12:00:00,nan,53.333,-55.5,SI-02,31
1941.8929443359375,1994-07-16 12:00:00,nan,53.333,-55.5,SI-02,31
2225.077880859375,1994-07-16 12:00:00,nan,53.333,-55.5,SI-02,31
2533.3359375,1994-07-16 12:00:00,nan,53.333,-55.5,SI-02,31
2865.702880859375,1994-07-16 12:00:00,nan,53.333,-55.5,SI-02,31
3220.820068359375,1994-07-16 12:00:00,nan,53.333,-55.5,SI-02,31
3597.031982421875,1994-07-16 12:00:00,nan,53.333,-55.5,SI-02,31
3992.48388671875,1994-07-16 12:00:00,nan,53.333,-55.5,SI-02,31
4405.22412109375,1994-07-16 12:00:00,nan,53.333,-55.5,SI-02,31
4833.291015625,1994-07-16 12:00:00,nan,53.333,-55.5,SI-02,31
5274.7841796875,1994-07-16 12:00:00,nan,53.333,-55.5,SI-02,31
5727.9169921875,1994-07-16 12:00:00,nan,53.333,-55.5,SI-02,31
0.49402499198913574,1994-07-16 12:00:00,5.371372133170761,53.41,-55.357,SI-03,31
1.5413750410079956,1994-07-16 12:00:00,5.287972890246348,53.41,-55.357,SI-03,31
2.6456689834594727,1994-07-16 12:00:00,5.1717293245398785,53.41,-55.357,SI-03,31
3.8194949626922607,1994-07-16 12:00:00,5.04660258373503,53.41,-55.357,SI-03,31
5.078224182128906,1994-07-16 12:00:00,4.909423607883056,53.41,-55.357,SI-03,31
6.440614223480225,1994-07-16 12:00:00,4.756904406652582,53.41,-55.357,SI-03,31
7.92956018447876,1994-07-16 12:00:00,4.579306882403742,53.41,-55.357,SI-03,31
9.572997093200684,1994-07-16 12:00:00,4.356856328290489,53.41,-55.357,SI-03,31
11.404999732971191,1994-07-16 12:00:00,4.063727401013905,53.41,-55.357,SI-03,31
13.467140197753906,1994-07-16 12:00:00,3.653517014783376,53.41,-55.357,SI-03,31
15.810070037841797,1994-07-16 12:00:00,3.1036448969310495,53.41,-55.357,SI-03,31
18.495559692382812,1994-07-16 12:00:00,2.4095113890460906,53.41,-55.357,SI-03,31
21.598819732666016,1994-07-16 12:00:00,1.614964088069331,53.41,-55.357,SI-03,31
25.211410522460938,1994-07-16 12:00:00,0.7933448744388109,53.41,-55.357,SI-03,31
29.444730758666992,1994-07-16 12:00:00,0.042385801556882464,53.41,-55.357,SI-03,31
34.43415069580078,1994-07-16 12:00:00,-0.5759522251870671,53.41,-55.357,SI-03,31
40.344051361083984,1994-07-16 12:00:00,-1.0164960383328763,53.41,-55.357,SI-03,31
47.37369155883789,1994-07-16 12:00:00,-1.2731297810783933,53.41,-55.357,SI-03,31
55.76428985595703,1994-07-16 12:00:00,-1.3822923173947952,53.41,-55.357,SI-03,31
65.80726623535156,1994-07-16 12:00:00,-1.3948361061111936,53.41,-55.357,SI-03,31
77.85385131835938,1994-07-16 12:00:00,-1.3671710812953553,53.41,-55.357,SI-03,31
92.3260726928711,1994-07-16 12:00:00,-1.3308006357449311,53.41,-55.357,SI-03,31
109.72930145263672,1994-07-16 12:00:00,-1.283710883580713,53.41,-55.357,SI-03,31
130.66600036621094,1994-07-16 12:00:00,-1.1113010563561585,53.41,-55.357,SI-03,31
155.85069274902344,1994-07-16 12:00:00,nan,53.41,-55.357,SI-03,31
186.12559509277344,1994-07-16 12:00:00,nan,53.41,-55.357,SI-03,31
222.47520446777344,1994-07-16 12:00:00,nan,53.41,-55.357,SI-03,31
266.0403137207031,1994-07-16 12:00:00,nan,53.41,-55.357,SI-03,31
318.1274108886719,1994-07-16 12:00:00,nan,53.41,-55.357,SI-03,31
380.2130126953125,1994-07-16 12:00:00,nan,53.41,-55.357,SI-03,31
453.9377136230469,1994-07-16 12:00:00,nan,53.41,-55.357,SI-03,31
541.0889282226562,1994-07-16 12:00:00,nan,53.41,-55.357,SI-03,31
643.5667724609375,1994-07-16 12:00:00,nan,53.41,-55.357,SI-03,31
763.3331298828125,1994-07-16 12:00:00,nan,53.41,-55.357,SI-03,31
902.3392944335938,1994-07-16 12:00:00,nan,53.41,-55.357,SI-03,31
1062.43994140625,1994-07-16 12:00:00,nan,53.41,-55.357,SI-03,31
1245.291015625,1994-07-16 12:00:00,nan,53.41,-55.357,SI-03,31
1452.2509765625,1994-07-16 12:00:00,nan,53.41,-55.357,SI-03,31
1684.2840576171875,1994-07-16 12:00:00,nan,53.41,-55.357,SI-03,31
1941.8929443359375,1994-07-16 12:00:00,nan,53.41,-55.357,SI-03,31
2225.077880859375,1994-07-16 12:00:00,nan,53.41,-55.357,SI-03,31
2533.3359375,1994-07-16 12:00:00,nan,53.41,-55.357,SI-03,31
2865.702880859375,1994-07-16 12:00:00,nan,53.41,-55.357,SI-03,31
3220.820068359375,1994-07-16 12:00:00,nan,53.41,-55.357,SI-03,31
3597.031982421875,1994-07-16 12:00:00,nan,53.41,-55.357,SI-03,31
3992.48388671875,1994-07-16 12:00:00,nan,53.41,-55.357,SI-03,31
4405.22412109375,1994-07-16 12:00:00,nan,53.41,-55.357,SI-03,31
4833.291015625,1994-07-16 12:00:00,nan,53.41,-55.357,SI-03,31
5274.7841796875,1994-07-16 12:00:00,nan,53.41,-55.357,SI-03,31
5727.9169921875,1994-07-16 12:00:00,nan,53.41,-55.357,SI-03,31
0.49402499198913574,1994-07-16 12:00:00,5.28976110313406,53.533,-55.145,SI-04,31
1.5413750410079956,1994-07-16 12:00:00,5.216242640416083,53.533,-55.145,SI-04,31
2.6456689834594727,1994-07-16 12:00:00,5.139229619685121,53.533,-55.145,SI-04,31
3.8194949626922607,1994-07-16 12:00:00,5.062871243882054,53.533,-55.145,SI-04,31
5.078224182128906,1994-07-16 12:00:00,4.980136277274509,53.533,-55.145,SI-04,31
6.440614223480225,1994-07-16 12:00:00,4.886339436803661,53.533,-55.145,SI-04,31
7.92956018447876,1994-07-16 12:00:00,4.777214737984045,53.533,-55.145,SI-04,31
9.572997093200684,1994-07-16 12:00:00,4.640327524921778,53.533,-55.145,SI-04,31
11.404999732971191,1994-07-16 12:00:00,4.4553903224524385,53.533,-55.145,SI-04,31
13.467140197753906,1994-07-16 12:00:00,4.188055970645131,53.533,-55.145,SI-04,31
15.810070037841797,1994-07-16 12:00:00,3.8083569744672725,53.533,-55.145,SI-04,31
18.495559692382812,1994-07-16 12:00:00,3.2914917566564705,53.533,-55.145,SI-04,31
21.598819732666016,1994-07-16 12:00:00,2.606125387660452,53.533,-55.145,SI-04,31
25.211410522460938,1994-07-16 12:00:00,1.756180702941008,53.533,-55.145,SI-04,31
29.444730758666992,1994-07-16 12:00:00,0.8485330666005995,53.533,-55.145,SI-04,31
34.43415069580078,1994-07-16 12:00:00,0.020598168133971355,53.533,-55.145,SI-04,31
40.344051361083984,1994-07-16 12:00:00,-0.6147087332088642,53.533,-55.145,SI-04,31
47.37369155883789,1994-07-16 12:00:00,-1.0112359155180208,53.533,-55.145,SI-04,31
55.76428985595703,1994-07-16 12:00:00,-1.1834310209354268,53.533,-55.145,SI-04,31
65.80726623535156,1994-07-16 12:00:00,-1.2095541199760902,53.533,-55.145,SI-04,31
77.85385131835938,1994-07-16 12:00:00,-1.1762445409540598,53.533,-55.145,SI-04,31
92.3260726928711,1994-07-16 12:00:00,-1.0988733253550511,53.533,-55.145,SI-04,31
109.72930145263672,1994-07-16 12:00:00,-0.9372191796283887,53.533,-55.145,SI-04,31
130.66600036621094,1994-07-16 12:00:00,-0.5835462933655787,53.533,-55.145,SI-04,31
155.85069274902344,1994-07-16 12:00:00,-0.3630990589210241,53.533,-55.145,SI-04,31
186.12559509277344,1994-07-16 12:00:00,-0.17401450589904674,53.533,-55.145,SI-04,31
222.47520446777344,1994-07-16 12:00:00,nan,53.533,-55.145,SI-04,31
266.0403137207031,1994-07-16 12:00:00,nan,53.533,-55.145,SI-04,31
318.1274108886719,1994-07-16 12:00:00,nan,53.533,-55.145,SI-04,31
380.2130126953125,1994-07-16 12:00:00,nan,53.533,-55.145,SI-04,31
453.9377136230469,1994-07-16 12:00:00,nan,53.533,-55.145,SI-04,31
541.0889282226562,1994-07-16 12:00:00,nan,53.533,-55.145,SI-04,31
643.5667724609375,1994-07-16 12:00:00,nan,53.533,-55.145,SI-04,31
763.3331298828125,1994-07-16 12:00:00,nan,53.533,-55.145,SI-04,31
902.3392944335938,1994-07-16 12:00:00,nan,53.533,-55.145,SI-04,31
1062.43994140625,1994-07-16 12:00:00,nan,53.533,-55.145,SI-04,31
1245.291015625,1994-07-16 12:00:00,nan,53.533,-55.145,SI-04,31
1452.2509765625,1994-07-16 12:00:00,nan,53.533,-55.145,SI-04,31
1684.2840576171875,1994-07-16 12:00:00,nan,53.533,-55.145,SI-04,31
1941.8929443359375,1994-07-16 12:00:00,nan,53.533,-55.145,SI-04,31
2225.077880859375,1994-07-16 12:00:00,nan,53.533,-55.145,SI-04,31
2533.3359375,1994-07-16 12:00:00,nan,53.533,-55.145,SI-04,31
2865.702880859375,1994-07-16 12:00:00,nan,53.533,-55.145,SI-04,31
3220.820068359375,1994-07-16 12:00:00,nan,53.533,-55.145,SI-04,31
3597.031982421875,1994-07-16 12:00:00,nan,53.533,-55.145,SI-04,31
3992.48388671875,1994-07-16 12:00:00,nan,53.533,-55.145,SI-04,31
4405.22412109375,1994-07-16 12:00:00,nan,53.533,-55.145,SI-04,31
4833.291015625,1994-07-16 12:00:00,nan,53.533,-55.145,SI-04,31
5274.7841796875,1994-07-16 12:00:00,nan,53.533,-55.145,SI-04,31
5727.9169921875,1994-07-16 12:00:00,nan,53.533,-55.145,SI-04,31
0.49402499198913574,1994-07-16 12:00:00,5.235444211481914,53.617,-55.0,SI-05,31
1.5413750410079956,1994-07-16 12:00:00,5.165566325425079,53.617,-55.0,SI-05,31
2.6456689834594727,1994-07-16 12:00:00,5.097449183701446,53.617,-55.0,SI-05,31
3.8194949626922607,1994-07-16 12:00:00,5.031824254511699,53.617,-55.0,SI-05,31
5.078224182128906,1994-07-16 12:00:00,4.960045003413066,53.617,-55.0,SI-05,31
6.440614223480225,1994-07-16 12:00:00,4.880505012272636,53.617,-55.0,SI-05,31
7.92956018447876,1994-07-16 12:00:00,4.787920911316603,53.617,-55.0,SI-05,31
9.572997093200684,1994-07-16 12:00:00,4.672617439269325,53.617,-55.0,SI-05,31
11.404999732971191,1994-07-16 12:00:00,4.519055046558602,53.617,-55.0,SI-05,31
13.467140197753906,1994-07-16 12:00:00,4.2996998760660325,53.617,-55.0,SI-05,31
15.810070037841797,1994-07-16 12:00:00,3.9746589949119935,53.617,-55.0,SI-05,31
18.495559692382812,1994-07-16 12:00:00,3.5035070381140176,53.617,-55.0,SI-05,31
21.598819732666016,1994-07-16 12:00:00,2.822453704120156,53.617,-55.0,SI-05,31
25.211410522460938,1994-07-16 12:00:00,1.9587170124076745,53.617,-55.0,SI-05,31
29.444730758666992,1994-07-16 12:00:00,1.029502936839847,53.617,-55.0,SI-05,31
34.43415069580078,1994-07-16 12:00:00,0.16093324589697156,53.617,-55.0,SI-05,31
40.344051361083984,1994-07-16 12:00:00,-0.5347224311846042,53.617,-55.0,SI-05,31
47.37369155883789,1994-07-16 12:00:00,-0.97334713006205,53.617,-55.0,SI-05,31
55.76428985595703,1994-07-16 12:00:00,-1.1506068634980327,53.617,-55.0,SI-05,31
65.80726623535156,1994-07-16 12:00:00,-1.1699183218478502,53.617,-55.0,SI-05,31
77.85385131835938,1994-07-16 12:00:00,-1.1271693634980327,53.617,-55.0,SI-05,31
92.3260726928711,1994-07-16 12:00:00,-1.0399114730396315,53.617,-55.0,SI-05,31
109.72930145263672,1994-07-16 12:00:00,-0.9027661404622325,53.617,-55.0,SI-05,31
130.66600036621094,1994-07-16 12:00:00,-0.5660290861142862,53.617,-55.0,SI-05,31
155.85069274902344,1994-07-16 12:00:00,-0.4118329923134324,53.617,-55.0,SI-05,31
186.12559509277344,1994-07-16 12:00:00,-0.3369676370659971,53.617,-55.0,SI-05,31
222.47520446777344,1994-07-16 12:00:00,nan,53.617,-55.0,SI-05,31
266.0403137207031,1994-07-16 12:00:00,nan,53.617,-55.0,SI-05,31
318.1274108886719,1994-07-16 12:00:00,nan,53.617,-55.0,SI-05,31
380.2130126953125,1994-07-16 12:00:00,nan,53.617,-55.0,SI-05,31
453.9377136230469,1994-07-16 12:00:00,nan,53.617,-55.0,SI-05,31
541.0889282226562,1994-07-16 12:00:00,nan,53.617,-55.0,SI-05,31
643.5667724609375,1994-07-16 12:00:00,nan,53.617,-55.0,SI-05,31
763.3331298828125,1994-07-16 12:00:00,nan,53.617,-55.0,SI-05,31
902.3392944335938,1994-07-16 12:00:00,nan,53.617,-55.0,SI-05,31
1062.43994140625,1994-07-16 12:00:00,nan,53.617,-55.0,SI-05,31
1245.291015625,1994-07-16 12:00:00,nan,53.617,-55.0,SI-05,31
1452.2509765625,1994-07-16 12:00:00,nan,53.617,-55.0,SI-05,31
1684.2840576171875,1994-07-16 12:00:00,nan,53.617,-55.0,SI-05,31
1941.8929443359375,1994-07-16 12:00:00,nan,53.617,-55.0,SI-05,31
2225.077880859375,1994-07-16 12:00:00,nan,53.617,-55.0,SI-05,31
2533.3359375,1994-07-16 12:00:00,nan,53.617,-55.0,SI-05,31
2865.702880859375,1994-07-16 12:00:00,nan,53.617,-55.0,SI-05,31
3220.820068359375,1994-07-16 12:00:00,nan,53.617,-55.0,SI-05,31
3597.031982421875,1994-07-16 12:00:00,nan,53.617,-55.0,SI-05,31
3992.48388671875,1994-07-16 12:00:00,nan,53.617,-55.0,SI-05,31
4405.22412109375,1994-07-16 12:00:00,nan,53.617,-55.0,SI-05,31
4833.291015625,1994-07-16 12:00:00,nan,53.617,-55.0,SI-05,31
5274.7841796875,1994-07-16 12:00:00,nan,53.617,-55.0,SI-05,31
5727.9169921875,1994-07-16 12:00:00,nan,53.617,-55.0,SI-05,31
0.49402499198913574,1994-07-16 12:00:00,4.866509701304759,53.757,-54.777,SI-06,31
1.5413750410079956,1994-07-16 12:00:00,4.796431443241943,53.757,-54.777,SI-06,31
2.6456689834594727,1994-07-16 12:00:00,4.732812510066094,53.757,-54.777,SI-06,31
3.8194949626922607,1994-07-16 12:00:00,4.670101782697498,53.757,-54.777,SI-06,31
5.078224182128906,1994-07-16 12:00:00,4.595991612935332,53.757,-54.777,SI-06,31
6.440614223480225,1994-07-16 12:00:00,4.5066159724926464,53.757,-54.777,SI-06,31
7.92956018447876,1994-07-16 12:00:00,4.396431268681188,53.757,-54.777,SI-06,31
9.572997093200684,1994-07-16 12:00:00,4.252326710799351,53.757,-54.777,SI-06,31
11.404999732971191,1994-07-16 12:00:00,4.050664777207993,53.757,-54.777,SI-06,31
13.467140197753906,1994-07-16 12:00:00,3.7433059145928604,53.757,-54.777,SI-06,31
15.810070037841797,1994-07-16 12:00:00,3.256047518374059,53.757,-54.777,SI-06,31
18.495559692382812,1994-07-16 12:00:00,2.54359374010472,53.757,-54.777,SI-06,31
21.598819732666016,1994-07-16 12:00:00,1.6768769680885476,53.757,-54.777,SI-06,31
25.211410522460938,1994-07-16 12:00:00,0.7774155456955433,53.757,-54.777,SI-06,31
29.444730758666992,1994-07-16 12:00:00,-0.025132136514949,53.757,-54.777,SI-06,31
34.43415069580078,1994-07-16 12:00:00,-0.6202449835602185,53.757,-54.777,SI-06,31
40.344051361083984,1994-07-16 12:00:00,-0.9715768279636144,53.757,-54.777,SI-06,31
47.37369155883789,1994-07-16 12:00:00,-1.1305635781547914,53.757,-54.777,SI-06,31
55.76428985595703,1994-07-16 12:00:00,-1.1734737398593982,53.757,-54.777,SI-06,31
65.80726623535156,1994-07-16 12:00:00,-1.151209397811951,53.757,-54.777,SI-06,31
77.85385131835938,1994-07-16 12:00:00,-1.087247228040585,53.757,-54.777,SI-06,31
92.3260726928711,1994-07-16 12:00:00,-0.9673801472702134,53.757,-54.777,SI-06,31
109.72930145263672,1994-07-16 12:00:00,-0.7442530153708192,53.757,-54.777,SI-06,31
130.66600036621094,1994-07-16 12:00:00,-0.3654500646653217,53.757,-54.777,SI-06,31
155.85069274902344,1994-07-16 12:00:00,nan,53.757,-54.777,SI-06,31
186.12559509277344,1994-07-16 12:00:00,nan,53.757,-54.777,SI-06,31
222.47520446777344,1994-07-16 12:00:00,nan,53.757,-54.777,SI-06,31
266.0403137207031,1994-07-16 12:00:00,nan,53.757,-54.777,SI-06,31
318.1274108886719,1994-07-16 12:00:00,nan,53.757,-54.777,SI-06,31
380.2130126953125,1994-07-16 12:00:00,nan,53.757,-54.777,SI-06,31
453.9377136230469,1994-07-16 12:00:00,nan,53.757,-54.777,SI-06,31
541.0889282226562,1994-07-16 12:00:00,nan,53.757,-54.777,SI-06,31
643.5667724609375,1994-07-16 12:00:00,nan,53.757,-54.777,SI-06,31
763.3331298828125,1994-07-16 12:00:00,nan,53.757,-54.777,SI-06,31
902.3392944335938,1994-07-16 12:00:00,nan,53.757,-54.777,SI-06,31
1062.43994140625,1994-07-16 12:00:00,nan,53.757,-54.777,SI-06,31
1245.291015625,1994-07-16 12:00:00,nan,53.757,-54.777,SI-06,31
1452.2509765625,1994-07-16 12:00:00,nan,53.757,-54.777,SI-06,31
1684.2840576171875,1994-07-16 12:00:00,nan,53.757,-54.777,SI-06,31
1941.8929443359375,1994-07-16 12:00:00,nan,53.757,-54.777,SI-06,31
2225.077880859375,1994-07-16 12:00:00,nan,53.757,-54.777,SI-06,31
2533.3359375,1994-07-16 12:00:00,nan,53.757,-54.777,SI-06,31
2865.702880859375,1994-07-16 12:00:00,nan,53.757,-54.777,SI-06,31
3220.820068359375,1994-07-16 12:00:00,nan,53.757,-54.777,SI-06,31
3597.031982421875,1994-07-16 12:00:00,nan,53.757,-54.777,SI-06,31
3992.48388671875,1994-07-16 12:00:00,nan,53.757,-54.777,SI-06,31
4405.22412109375,1994-07-16 12:00:00,nan,53.757,-54.777,SI-06,31
4833.291015625,1994-07-16 12:00:00,nan,53.757,-54.777,SI-06,31
5274.7841796875,1994-07-16 12:00:00,nan,53.757,-54.777,SI-06,31
5727.9169921875,1994-07-16 12:00:00,nan,53.757,-54.777,SI-06,31
0.49402499198913574,1994-07-16 12:00:00,4.696316441293874,53.917,-54.5,SI-07,31
1.5413750410079956,1994-07-16 12:00:00,4.631861408945241,53.917,-54.5,SI-07,31
2.6456689834594727,1994-07-16 12:00:00,4.57472183967812,53.917,-54.5,SI-07,31
3.8194949626922607,1994-07-16 12:00:00,4.520514876467161,53.917,-54.5,SI-07,31
5.078224182128906,1994-07-16 12:00:00,4.456786428881204,53.917,-54.5,SI-07,31
6.440614223480225,1994-07-16 12:00:00,4.375476937739082,53.917,-54.5,SI-07,31
7.92956018447876,1994-07-16 12:00:00,4.269280706835305,53.917,-54.5,SI-07,31
9.572997093200684,1994-07-16 12:00:00,4.1250102126561785,53.917,-54.5,SI-07,31
11.404999732971191,1994-07-16 12:00:00,3.9235797193167916,53.917,-54.5,SI-07,31
13.467140197753906,1994-07-16 12:00:00,3.622518524943163,53.917,-54.5,SI-07,31
15.810070037841797,1994-07-16 12:00:00,3.1676536777907565,53.917,-54.5,SI-07,31
18.495559692382812,1994-07-16 12:00:00,2.5003671832691685,53.917,-54.5,SI-07,31
21.598819732666016,1994-07-16 12:00:00,1.6558161799190938,53.917,-54.5,SI-07,31
25.211410522460938,1994-07-16 12:00:00,0.7665923983660554,53.917,-54.5,SI-07,31
29.444730758666992,1994-07-16 12:00:00,-0.025875943493992012,53.917,-54.5,SI-07,31
34.43415069580078,1994-07-16 12:00:00,-0.6095418499577054,53.917,-54.5,SI-07,31
40.344051361083984,1994-07-16 12:00:00,-0.9602880710286614,53.917,-54.5,SI-07,31
47.37369155883789,1994-07-16 12:00:00,-1.131622133100898,53.917,-54.5,SI-07,31
55.76428985595703,1994-07-16 12:00:00,-1.18947369434988,53.917,-54.5,SI-07,31
65.80726623535156,1994-07-16 12:00:00,-1.174848605299182,53.917,-54.5,SI-07,31
77.85385131835938,1994-07-16 12:00:00,-1.1155497116371766,53.917,-54.5,SI-07,31
92.3260726928711,1994-07-16 12:00:00,-1.0167068926454335,53.917,-54.5,SI-07,31
109.72930145263672,1994-07-16 12:00:00,-0.8497488240778769,53.917,-54.5,SI-07,31
130.66600036621094,1994-07-16 12:00:00,-0.5370214213155844,53.917,-54.5,SI-07,31
155.85069274902344,1994-07-16 12:00:00,-0.06082686815425612,53.917,-54.5,SI-07,31
186.12559509277344,1994-07-16 12:00:00,nan,53.917,-54.5,SI-07,31
222.47520446777344,1994-07-16 12:00:00,nan,53.917,-54.5,SI-07,31
266.0403137207031,1994-07-16 12:00:00,nan,53.917,-54.5,SI-07,31
318.1274108886719,1994-07-16 12:00:00,nan,53.917,-54.5,SI-07,31
380.2130126953125,1994-07-16 12:00:00,nan,53.917,-54.5,SI-07,31
453.9377136230469,1994-07-16 12:00:00,nan,53.917,-54.5,SI-07,31
541.0889282226562,1994-07-16 12:00:00,nan,53.917,-54.5,SI-07,31
643.5667724609375,1994-07-16 12:00:00,nan,53.917,-54.5,SI-07,31
763.3331298828125,1994-07-16 12:00:00,nan,53.917,-54.5,SI-07,31
902.3392944335938,1994-07-16 12:00:00,nan,53.917,-54.5,SI-07,31
1062.43994140625,1994-07-16 12:00:00,nan,53.917,-54.5,SI-07,31
1245.291015625,1994-07-16 12:00:00,nan,53.917,-54.5,SI-07,31
1452.2509765625,1994-07-16 12:00:00,nan,53.917,-54.5,SI-07,31
1684.2840576171875,1994-07-16 12:00:00,nan,53.917,-54.5,SI-07,31
1941.8929443359375,1994-07-16 12:00:00,nan,53.917,-54.5,SI-07,31
2225.077880859375,1994-07-16 12:00:00,nan,53.917,-54.5,SI-07,31
2533.3359375,1994-07-16 12:00:00,nan,53.917,-54.5,SI-07,31
2865.702880859375,1994-07-16 12:00:00,nan,53.917,-54.5,SI-07,31
3220.820068359375,1994-07-16 12:00:00,nan,53.917,-54.5,SI-07,31
3597.031982421875,1994-07-16 12:00:00,nan,53.917,-54.5,SI-07,31
3992.48388671875,1994-07-16 12:00:00,nan,53.917,-54.5,SI-07,31
4405.22412109375,1994-07-16 12:00:00,nan,53.917,-54.5,SI-07,31
4833.291015625,1994-07-16 12:00:00,nan,53.917,-54.5,SI-07,31
5274.7841796875,1994-07-16 12:00:00,nan,53.917,-54.5,SI-07,31
5727.9169921875,1994-07-16 12:00:00,nan,53.917,-54.5,SI-07,31
0.49402499198913574,1994-07-16 12:00:00,4.599200184466397,54.082,-54.217,SI-08,31
1.5413750410079956,1994-07-16 12:00:00,4.536507110767907,54.082,-54.217,SI-08,31
2.6456689834594727,1994-07-16 12:00:00,4.475318640418588,54.082,-54.217,SI-08,31
3.8194949626922607,1994-07-16 12:00:00,4.414380453958311,54.082,-54.217,SI-08,31
5.078224182128906,1994-07-16 12:00:00,4.345937662003065,54.082,-54.217,SI-08,31
6.440614223480225,1994-07-16 12:00:00,4.267360420945204,54.082,-54.217,SI-08,31
7.92956018447876,1994-07-16 12:00:00,4.176577127838087,54.082,-54.217,SI-08,31
9.572997093200684,1994-07-16 12:00:00,4.060856661643769,54.082,-54.217,SI-08,31
11.404999732971191,1994-07-16 12:00:00,3.89738454725671,54.082,-54.217,SI-08,31
13.467140197753906,1994-07-16 12:00:00,3.6442823319133266,54.082,-54.217,SI-08,31
15.810070037841797,1994-07-16 12:00:00,3.2499646161210123,54.082,-54.217,SI-08,31
18.495559692382812,1994-07-16 12:00:00,2.6641987766556405,54.082,-54.217,SI-08,31
21.598819732666016,1994-07-16 12:00:00,1.8969661886347562,54.082,-54.217,SI-08,31
25.211410522460938,1994-07-16 12:00:00,1.051257441263417,54.082,-54.217,SI-08,31
29.444730758666992,1994-07-16 12:00:00,0.25538454225412566,54.082,-54.217,SI-08,31
34.43415069580078,1994-07-16 12:00:00,-0.36205297656670155,54.082,-54.217,SI-08,31
40.344051361083984,1994-07-16 12:00:00,-0.7586168467718608,54.082,-54.217,SI-08,31
47.37369155883789,1994-07-16 12:00:00,-0.9793201028406777,54.082,-54.217,SI-08,31
55.76428985595703,1994-07-16 12:00:00,-1.0701186014182662,54.082,-54.217,SI-08,31
65.80726623535156,1994-07-16 12:00:00,-1.066149271603781,54.082,-54.217,SI-08,31
77.85385131835938,1994-07-16 12:00:00,-0.9910152213056218,54.082,-54.217,SI-08,31
92.3260726928711,1994-07-16 12:00:00,-0.8514160133528185,54.082,-54.217,SI-08,31
109.72930145263672,1994-07-16 12:00:00,-0.6359052840175001,54.082,-54.217,SI-08,31
130.66600036621094,1994-07-16 12:00:00,-0.2978262813781471,54.082,-54.217,SI-08,31
155.85069274902344,1994-07-16 12:00:00,0.19758376305539976,54.082,-54.217,SI-08,31
186.12559509277344,1994-07-16 12:00:00,nan,54.082,-54.217,SI-08,31
222.47520446777344,1994-07-16 12:00:00,nan,54.082,-54.217,SI-08,31
266.0403137207031,1994-07-16 12:00:00,nan,54.082,-54.217,SI-08,31
318.1274108886719,1994-07-16 12:00:00,nan,54.082,-54.217,SI-08,31
380.2130126953125,1994-07-16 12:00:00,nan,54.082,-54.217,SI-08,31
453.9377136230469,1994-07-16 12:00:00,nan,54.082,-54.217,SI-08,31
541.0889282226562,1994-07-16 12:00:00,nan,54.082,-54.217,SI-08,31
643.5667724609375,1994-07-16 12:00:00,nan,54.082,-54.217,SI-08,31
763.3331298828125,1994-07-16 12:00:00,nan,54.082,-54.217,SI-08,31
902.3392944335938,1994-07-16 12:00:00,nan,54.082,-54.217,SI-08,31
1062.43994140625,1994-07-16 12:00:00,nan,54.082,-54.217,SI-08,31
1245.291015625,1994-07-16 12:00:00,nan,54.082,-54.217,SI-08,31
1452.2509765625,1994-07-16 12:00:00,nan,54.082,-54.217,SI-08,31
1684.2840576171875,1994-07-16 12:00:00,nan,54.082,-54.217,SI-08,31
1941.8929443359375,1994-07-16 12:00:00,nan,54.082,-54.217,SI-08,31
2225.077880859375,1994-07-16 12:00:00,nan,54.082,-54.217,SI-08,31
2533.3359375,1994-07-16 12:00:00,nan,54.082,-54.217,SI-08,31
2865.702880859375,1994-07-16 12:00:00,nan,54.082,-54.217,SI-08,31
3220.820068359375,1994-07-16 12:00:00,nan,54.082,-54.217,SI-08,31
3597.031982421875,1994-07-16 12:00:00,nan,54.082,-54.217,SI-08,31
3992.48388671875,1994-07-16 12:00:00,nan,54.082,-54.217,SI-08,31
4405.22412109375,1994-07-16 12:00:00,nan,54.082,-54.217,SI-08,31
4833.291015625,1994-07-16 12:00:00,nan,54.082,-54.217,SI-08,31
5274.7841796875,1994-07-16 12:00:00,nan,54.082,-54.217,SI-08,31
5727.9169921875,1994-07-16 12:00:00,nan,54.082,-54.217,SI-08,31
0.49402499198913574,1994-07-16 12:00:00,4.48748445438831,54.2,-54.0,SI-09,31
1.5413750410079956,1994-07-16 12:00:00,4.427716915334052,54.2,-54.0,SI-09,31
2.6456689834594727,1994-07-16 12:00:00,4.366484532529795,54.2,-54.0,SI-09,31
3.8194949626922607,1994-07-16 12:00:00,4.304959187681162,54.2,-54.0,SI-09,31
5.078224182128906,1994-07-16 12:00:00,4.235963159824404,54.2,-54.0,SI-09,31
6.440614223480225,1994-07-16 12:00:00,4.1586175292982706,54.2,-54.0,SI-09,31
7.92956018447876,1994-07-16 12:00:00,4.06911254451487,54.2,-54.0,SI-09,31
9.572997093200684,1994-07-16 12:00:00,3.958953630949871,54.2,-54.0,SI-09,31
11.404999732971191,1994-07-16 12:00:00,3.8052858129402223,54.2,-54.0,SI-09,31
13.467140197753906,1994-07-16 12:00:00,3.5783758409586977,54.2,-54.0,SI-09,31
15.810070037841797,1994-07-16 12:00:00,3.2388136759675246,54.2,-54.0,SI-09,31
18.495559692382812,1994-07-16 12:00:00,2.742216419456586,54.2,-54.0,SI-09,31
21.598819732666016,1994-07-16 12:00:00,2.1046972856196344,54.2,-54.0,SI-09,31
25.211410522460938,1994-07-16 12:00:00,1.3848519653334264,54.2,-54.0,SI-09,31
29.444730758666992,1994-07-16 12:00:00,0.656947962961089,54.2,-54.0,SI-09,31
34.43415069580078,1994-07-16 12:00:00,0.024847432226249497,54.2,-54.0,SI-09,31
40.344051361083984,1994-07-16 12:00:00,-0.44069340378230165,54.2,-54.0,SI-09,31
47.37369155883789,1994-07-16 12:00:00,-0.7219523117159719,54.2,-54.0,SI-09,31
55.76428985595703,1994-07-16 12:00:00,-0.8365070350701094,54.2,-54.0,SI-09,31
65.80726623535156,1994-07-16 12:00:00,-0.8278645709407315,54.2,-54.0,SI-09,31
77.85385131835938,1994-07-16 12:00:00,-0.7181440733640879,54.2,-54.0,SI-09,31
92.3260726928711,1994-07-16 12:00:00,-0.5341540634913122,54.2,-54.0,SI-09,31
109.72930145263672,1994-07-16 12:00:00,-0.29449805024177966,54.2,-54.0,SI-09,31
130.66600036621094,1994-07-16 12:00:00,0.04052187423025347,54.2,-54.0,SI-09,31
155.85069274902344,1994-07-16 12:00:00,0.46460669484556844,54.2,-54.0,SI-09,31
186.12559509277344,1994-07-16 12:00:00,1.1747843347236442,54.2,-54.0,SI-09,31
222.47520446777344,1994-07-16 12:00:00,nan,54.2,-54.0,SI-09,31
266.0403137207031,1994-07-16 12:00:00,nan,54.2,-54.0,SI-09,31
318.1274108886719,1994-07-16 12:00:00,nan,54.2,-54.0,SI-09,31
380.2130126953125,1994-07-16 12:00:00,nan,54.2,-54.0,SI-09,31
453.9377136230469,1994-07-16 12:00:00,nan,54.2,-54.0,SI-09,31
541.0889282226562,1994-07-16 12:00:00,nan,54.2,-54.0,SI-09,31
643.5667724609375,1994-07-16 12:00:00,nan,54.2,-54.0,SI-09,31
763.3331298828125,1994-07-16 12:00:00,nan,54.2,-54.0,SI-09,31
902.3392944335938,1994-07-16 12:00:00,nan,54.2,-54.0,SI-09,31
1062.43994140625,1994-07-16 12:00:00,nan,54.2,-54.0,SI-09,31
1245.291015625,1994-07-16 12:00:00,nan,54.2,-54.0,SI-09,31
1452.2509765625,1994-07-16 12:00:00,nan,54.2,-54.0,SI-09,31
1684.2840576171875,1994-07-16 12:00:00,nan,54.2,-54.0,SI-09,31
1941.8929443359375,1994-07-16 12:00:00,nan,54.2,-54.0,SI-09,31
2225.077880859375,1994-07-16 12:00:00,nan,54.2,-54.0,SI-09,31
2533.3359375,1994-07-16 12:00:00,nan,54.2,-54.0,SI-09,31
2865.702880859375,1994-07-16 12:00:00,nan,54.2,-54.0,SI-09,31
3220.820068359375,1994-07-16 12:00:00,nan,54.2,-54.0,SI-09,31
3597.031982421875,1994-07-16 12:00:00,nan,54.2,-54.0,SI-09,31
3992.48388671875,1994-07-16 12:00:00,nan,54.2,-54.0,SI-09,31
4405.22412109375,1994-07-16 12:00:00,nan,54.2,-54.0,SI-09,31
4833.291015625,1994-07-16 12:00:00,nan,54.2,-54.0,SI-09,31
5274.7841796875,1994-07-16 12:00:00,nan,54.2,-54.0,SI-09,31
5727.9169921875,1994-07-16 12:00:00,nan,54.2,-54.0,SI-09,31
0.49402499198913574,1994-07-16 12:00:00,4.360829051244322,54.355,-53.733000000000004,SI-10,31
1.5413750410079956,1994-07-16 12:00:00,4.301570520310409,54.355,-53.733000000000004,SI-10,31
2.6456689834594727,1994-07-16 12:00:00,4.238498294293093,54.355,-53.733000000000004,SI-10,31
3.8194949626922607,1994-07-16 12:00:00,4.17248251103246,54.355,-53.733000000000004,SI-10,31
5.078224182128906,1994-07-16 12:00:00,4.095690879144491,54.355,-53.733000000000004,SI-10,31
6.440614223480225,1994-07-16 12:00:00,4.004943442473602,54.355,-53.733000000000004,SI-10,31
7.92956018447876,1994-07-16 12:00:00,3.8927027138239345,54.355,-53.733000000000004,SI-10,31
9.572997093200684,1994-07-16 12:00:00,3.7405898226900605,54.355,-53.733000000000004,SI-10,31
11.404999732971191,1994-07-16 12:00:00,3.515121934457868,54.355,-53.733000000000004,SI-10,31
13.467140197753906,1994-07-16 12:00:00,3.167114870879619,54.355,-53.733000000000004,SI-10,31
15.810070037841797,1994-07-16 12:00:00,2.657686755547042,54.355,-53.733000000000004,SI-10,31
18.495559692382812,1994-07-16 12:00:00,1.9880052981001648,54.355,-53.733000000000004,SI-10,31
21.598819732666016,1994-07-16 12:00:00,1.2423153997590282,54.355,-53.733000000000004,SI-10,31
25.211410522460938,1994-07-16 12:00:00,0.5124268006021522,54.355,-53.733000000000004,SI-10,31
29.444730758666992,1994-07-16 12:00:00,-0.10057056527573299,54.355,-53.733000000000004,SI-10,31
34.43415069580078,1994-07-16 12:00:00,-0.5387855554268894,54.355,-53.733000000000004,SI-10,31
40.344051361083984,1994-07-16 12:00:00,-0.7949022680578757,54.355,-53.733000000000004,SI-10,31
47.37369155883789,1994-07-16 12:00:00,-0.8941764234692694,54.355,-53.733000000000004,SI-10,31
55.76428985595703,1994-07-16 12:00:00,-0.8711249358521873,54.355,-53.733000000000004,SI-10,31
65.80726623535156,1994-07-16 12:00:00,-0.7537522245667111,54.355,-53.733000000000004,SI-10,31
77.85385131835938,1994-07-16 12:00:00,-0.5687508133391425,54.355,-53.733000000000004,SI-10,31
92.3260726928711,1994-07-16 12:00:00,-0.32742792858009045,54.355,-53.733000000000004,SI-10,31
109.72930145263672,1994-07-16 12:00:00,-0.034369662572836364,54.355,-53.733000000000004,SI-10,31
130.66600036621094,1994-07-16 12:00:00,0.3054976916443881,54.355,-53.733000000000004,SI-10,31
155.85069274902344,1994-07-16 12:00:00,0.6822752212915673,54.355,-53.733000000000004,SI-10,31
186.12559509277344,1994-07-16 12:00:00,1.215219174360673,54.355,-53.733000000000004,SI-10,31
222.47520446777344,1994-07-16 12:00:00,1.8071152967991353,54.355,-53.733000000000004,SI-10,31
266.0403137207031,1994-07-16 12:00:00,nan,54.355,-53.733000000000004,SI-10,31
318.1274108886719,1994-07-16 12:00:00,nan,54.355,-53.733000000000004,SI-10,31
380.2130126953125,1994-07-16 12:00:00,nan,54.355,-53.733000000000004,SI-10,31
453.9377136230469,1994-07-16 12:00:00,nan,54.355,-53.733000000000004,SI-10,31
541.0889282226562,1994-07-16 12:00:00,nan,54.355,-53.733000000000004,SI-10,31
643.5667724609375,1994-07-16 12:00:00,nan,54.355,-53.733000000000004,SI-10,31
763.3331298828125,1994-07-16 12:00:00,nan,54.355,-53.733000000000004,SI-10,31
902.3392944335938,1994-07-16 12:00:00,nan,54.355,-53.733000000000004,SI-10,31
1062.43994140625,1994-07-16 12:00:00,nan,54.355,-53.733000000000004,SI-10,31
1245.291015625,1994-07-16 12:00:00,nan,54.355,-53.733000000000004,SI-10,31
1452.2509765625,1994-07-16 12:00:00,nan,54.355,-53.733000000000004,SI-10,31
1684.2840576171875,1994-07-16 12:00:00,nan,54.355,-53.733000000000004,SI-10,31
1941.8929443359375,1994-07-16 12:00:00,nan,54.355,-53.733000000000004,SI-10,31
2225.077880859375,1994-07-16 12:00:00,nan,54.355,-53.733000000000004,SI-10,31
2533.3359375,1994-07-16 12:00:00,nan,54.355,-53.733000000000004,SI-10,31
2865.702880859375,1994-07-16 12:00:00,nan,54.355,-53.733000000000004,SI-10,31
3220.820068359375,1994-07-16 12:00:00,nan,54.355,-53.733000000000004,SI-10,31
3597.031982421875,1994-07-16 12:00:00,nan,54.355,-53.733000000000004,SI-10,31
3992.48388671875,1994-07-16 12:00:00,nan,54.355,-53.733000000000004,SI-10,31
4405.22412109375,1994-07-16 12:00:00,nan,54.355,-53.733000000000004,SI-10,31
4833.291015625,1994-07-16 12:00:00,nan,54.355,-53.733000000000004,SI-10,31
5274.7841796875,1994-07-16 12:00:00,nan,54.355,-53.733000000000004,SI-10,31
5727.9169921875,1994-07-16 12:00:00,nan,54.355,-53.733000000000004,SI-10,31
0.49402499198913574,1994-07-16 12:00:00,4.54124641418457,54.5,-53.5,SI-11,31
1.5413750410079956,1994-07-16 12:00:00,4.4870452880859375,54.5,-53.5,SI-11,31
2.6456689834594727,1994-07-16 12:00:00,4.430646896362305,54.5,-53.5,SI-11,31
3.8194949626922607,1994-07-16 12:00:00,4.375713348388672,54.5,-53.5,SI-11,31
5.078224182128906,1994-07-16 12:00:00,4.316385269165039,54.5,-53.5,SI-11,31
6.440614223480225,1994-07-16 12:00:00,4.249732971191406,54.5,-53.5,SI-11,31
7.92956018447876,1994-07-16 12:00:00,4.168432235717773,54.5,-53.5,SI-11,31
9.572997093200684,1994-07-16 12:00:00,4.057832717895508,54.5,-53.5,SI-11,31
11.404999732971191,1994-07-16 12:00:00,3.8952293395996094,54.5,-53.5,SI-11,31
13.467140197753906,1994-07-16 12:00:00,3.640338897705078,54.5,-53.5,SI-11,31
15.810070037841797,1994-07-16 12:00:00,3.2580032348632812,54.5,-53.5,SI-11,31
18.495559692382812,1994-07-16 12:00:00,2.7423629760742188,54.5,-53.5,SI-11,31
21.598819732666016,1994-07-16 12:00:00,2.1227149963378906,54.5,-53.5,SI-11,31
25.211410522460938,1994-07-16 12:00:00,1.4290904998779297,54.5,-53.5,SI-11,31
29.444730758666992,1994-07-16 12:00:00,0.7486495971679688,54.5,-53.5,SI-11,31
34.43415069580078,1994-07-16 12:00:00,0.20664024353027344,54.5,-53.5,SI-11,31
40.344051361083984,1994-07-16 12:00:00,-0.14712905883789062,54.5,-53.5,SI-11,31
47.37369155883789,1994-07-16 12:00:00,-0.30240821838378906,54.5,-53.5,SI-11,31
55.76428985595703,1994-07-16 12:00:00,-0.27750396728515625,54.5,-53.5,SI-11,31
65.80726623535156,1994-07-16 12:00:00,-0.10757827758789062,54.5,-53.5,SI-11,31
77.85385131835938,1994-07-16 12:00:00,0.17148399353027344,54.5,-53.5,SI-11,31
92.3260726928711,1994-07-16 12:00:00,0.5201263427734375,54.5,-53.5,SI-11,31
109.72930145263672,1994-07-16 12:00:00,0.9061260223388672,54.5,-53.5,SI-11,31
130.66600036621094,1994-07-16 12:00:00,1.308237075805664,54.5,-53.5,SI-11,31
155.85069274902344,1994-07-16 12:00:00,1.706686019897461,54.5,-53.5,SI-11,31
186.12559509277344,1994-07-16 12:00:00,2.1117286682128906,54.5,-53.5,SI-11,31
222.47520446777344,1994-07-16 12:00:00,2.4896697998046875,54.5,-53.5,SI-11,31
266.0403137207031,1994-07-16 12:00:00,2.963560104370117,54.5,-53.5,SI-11,31
318.1274108886719,1994-07-16 12:00:00,nan,54.5,-53.5,SI-11,31
380.2130126953125,1994-07-16 12:00:00,nan,54.5,-53.5,SI-11,31
453.9377136230469,1994-07-16 12:00:00,nan,54.5,-53.5,SI-11,31
541.0889282226562,1994-07-16 12:00:00,nan,54.5,-53.5,SI-11,31
643.5667724609375,1994-07-16 12:00:00,nan,54.5,-53.5,SI-11,31
763.3331298828125,1994-07-16 12:00:00,nan,54.5,-53.5,SI-11,31
902.3392944335938,1994-07-16 12:00:00,nan,54.5,-53.5,SI-11,31
1062.43994140625,1994-07-16 12:00:00,nan,54.5,-53.5,SI-11,31
1245.291015625,1994-07-16 12:00:00,nan,54.5,-53.5,SI-11,31
1452.2509765625,1994-07-16 12:00:00,nan,54.5,-53.5,SI-11,31
1684.2840576171875,1994-07-16 12:00:00,nan,54.5,-53.5,SI-11,31
1941.8929443359375,1994-07-16 12:00:00,nan,54.5,-53.5,SI-11,31
2225.077880859375,1994-07-16 12:00:00,nan,54.5,-53.5,SI-11,31
2533.3359375,1994-07-16 12:00:00,nan,54.5,-53.5,SI-11,31
2865.702880859375,1994-07-16 12:00:00,nan,54.5,-53.5,SI-11,31
3220.820068359375,1994-07-16 12:00:00,nan,54.5,-53.5,SI-11,31
3597.031982421875,1994-07-16 12:00:00,nan,54.5,-53.5,SI-11,31
3992.48388671875,1994-07-16 12:00:00,nan,54.5,-53.5,SI-11,31
4405.22412109375,1994-07-16 12:00:00,nan,54.5,-53.5,SI-11,31
4833.291015625,1994-07-16 12:00:00,nan,54.5,-53.5,SI-11,31
5274.7841796875,1994-07-16 12:00:00,nan,54.5,-53.5,SI-11,31
5727.9169921875,1994-07-16 12:00:00,nan,54.5,-53.5,SI-11,31
0.49402499198913574,1994-07-16 12:00:00,4.938057687997057,54.633,-53.25,SI-12,31
1.5413750410079956,1994-07-16 12:00:00,4.895871212481627,54.633,-53.25,SI-12,31
2.6456689834594727,1994-07-16 12:00:00,4.840501143216196,54.633,-53.25,SI-12,31
3.8194949626922607,1994-07-16 12:00:00,4.784102751492563,54.633,-53.25,SI-12,31
5.078224182128906,1994-07-16 12:00:00,4.7266768078851635,54.633,-53.25,SI-12,31
6.440614223480225,1994-07-16 12:00:00,4.663250097994733,54.633,-53.25,SI-12,31
7.92956018447876,1994-07-16 12:00:00,4.586357782362673,54.633,-53.25,SI-12,31
9.572997093200684,1994-07-16 12:00:00,4.480478785280061,54.633,-53.25,SI-12,31
11.404999732971191,1994-07-16 12:00:00,4.325836541172789,54.633,-53.25,SI-12,31
13.467140197753906,1994-07-16 12:00:00,4.0853727025995346,54.633,-53.25,SI-12,31
15.810070037841797,1994-07-16 12:00:00,3.724675788877999,54.633,-53.25,SI-12,31
18.495559692382812,1994-07-16 12:00:00,3.20127962422443,54.633,-53.25,SI-12,31
21.598819732666016,1994-07-16 12:00:00,2.5216891872919724,54.633,-53.25,SI-12,31
25.211410522460938,1994-07-16 12:00:00,1.7681440398675399,54.633,-53.25,SI-12,31
29.444730758666992,1994-07-16 12:00:00,1.0904189081189397,54.633,-53.25,SI-12,31
34.43415069580078,1994-07-16 12:00:00,0.5989877145256114,54.633,-53.25,SI-12,31
40.344051361083984,1994-07-16 12:00:00,0.3446831028459948,54.633,-53.25,SI-12,31
47.37369155883789,1994-07-16 12:00:00,0.30964607286265866,54.633,-53.25,SI-12,31
55.76428985595703,1994-07-16 12:00:00,0.47074854755061585,54.633,-53.25,SI-12,31
65.80726623535156,1994-07-16 12:00:00,0.7666787324001109,54.633,-53.25,SI-12,31
77.85385131835938,1994-07-16 12:00:00,1.13167276358664,54.633,-53.25,SI-12,31
92.3260726928711,1994-07-16 12:00:00,1.5247007613188677,54.633,-53.25,SI-12,31
109.72930145263672,1994-07-16 12:00:00,1.9198128149508835,54.633,-53.25,SI-12,31
130.66600036621094,1994-07-16 12:00:00,2.2991221470821093,54.633,-53.25,SI-12,31
155.85069274902344,1994-07-16 12:00:00,2.6507535910637428,54.633,-53.25,SI-12,31
186.12559509277344,1994-07-16 12:00:00,2.9772018160779457,54.633,-53.25,SI-12,31
222.47520446777344,1994-07-16 12:00:00,3.2706741240027446,54.633,-53.25,SI-12,31
266.0403137207031,1994-07-16 12:00:00,3.5482030897181573,54.633,-53.25,SI-12,31
318.1274108886719,1994-07-16 12:00:00,3.7780945446521175,54.633,-53.25,SI-12,31
380.2130126953125,1994-07-16 12:00:00,3.9961540398608655,54.633,-53.25,SI-12,31
453.9377136230469,1994-07-16 12:00:00,4.13559133458524,54.633,-53.25,SI-12,31
541.0889282226562,1994-07-16 12:00:00,nan,54.633,-53.25,SI-12,31
643.5667724609375,1994-07-16 12:00:00,nan,54.633,-53.25,SI-12,31
763.3331298828125,1994-07-16 12:00:00,nan,54.633,-53.25,SI-12,31
902.3392944335938,1994-07-16 12:00:00,nan,54.633,-53.25,SI-12,31
1062.43994140625,1994-07-16 12:00:00,nan,54.633,-53.25,SI-12,31
1245.291015625,1994-07-16 12:00:00,nan,54.633,-53.25,SI-12,31
1452.2509765625,1994-07-16 12:00:00,nan,54.633,-53.25,SI-12,31
1684.2840576171875,1994-07-16 12:00:00,nan,54.633,-53.25,SI-12,31
1941.8929443359375,1994-07-16 12:00:00,nan,54.633,-53.25,SI-12,31
2225.077880859375,1994-07-16 12:00:00,nan,54.633,-53.25,SI-12,31
2533.3359375,1994-07-16 12:00:00,nan,54.633,-53.25,SI-12,31
2865.702880859375,1994-07-16 12:00:00,nan,54.633,-53.25,SI-12,31
3220.820068359375,1994-07-16 12:00:00,nan,54.633,-53.25,SI-12,31
3597.031982421875,1994-07-16 12:00:00,nan,54.633,-53.25,SI-12,31
3992.48388671875,1994-07-16 12:00:00,nan,54.633,-53.25,SI-12,31
4405.22412109375,1994-07-16 12:00:00,nan,54.633,-53.25,SI-12,31
4833.291015625,1994-07-16 12:00:00,nan,54.633,-53.25,SI-12,31
5274.7841796875,1994-07-16 12:00:00,nan,54.633,-53.25,SI-12,31
5727.9169921875,1994-07-16 12:00:00,nan,54.633,-53.25,SI-12,31
0.49402499198913574,1994-07-16 12:00:00,5.605277494721907,54.783,-53.0,SI-13,31
1.5413750410079956,1994-07-16 12:00:00,5.574072443910804,54.783,-53.0,SI-13,31
2.6456689834594727,1994-07-16 12:00:00,5.526463492347963,54.783,-53.0,SI-13,31
3.8194949626922607,1994-07-16 12:00:00,5.480014913090704,54.783,-53.0,SI-13,31
5.078224182128906,1994-07-16 12:00:00,5.4331237570939255,54.783,-53.0,SI-13,31
6.440614223480225,1994-07-16 12:00:00,5.383303111949879,54.783,-53.0,SI-13,31
7.92956018447876,1994-07-16 12:00:00,5.3224813140191625,54.783,-53.0,SI-13,31
9.572997093200684,1994-07-16 12:00:00,5.240845702456188,54.783,-53.0,SI-13,31
11.404999732971191,1994-07-16 12:00:00,5.1203619028868115,54.783,-53.0,SI-13,31
13.467140197753906,1994-07-16 12:00:00,4.932448550867672,54.783,-53.0,SI-13,31
15.810070037841797,1994-07-16 12:00:00,4.637554865148771,54.783,-53.0,SI-13,31
18.495559692382812,1994-07-16 12:00:00,4.19510702310337,54.783,-53.0,SI-13,31
21.598819732666016,1994-07-16 12:00:00,3.622434700160645,54.783,-53.0,SI-13,31
25.211410522460938,1994-07-16 12:00:00,2.978042783382088,54.783,-53.0,SI-13,31
29.444730758666992,1994-07-16 12:00:00,2.334332185715472,54.783,-53.0,SI-13,31
34.43415069580078,1994-07-16 12:00:00,1.7662692655801344,54.783,-53.0,SI-13,31
40.344051361083984,1994-07-16 12:00:00,1.3901001302260338,54.783,-53.0,SI-13,31
47.37369155883789,1994-07-16 12:00:00,1.3229340496898858,54.783,-53.0,SI-13,31
55.76428985595703,1994-07-16 12:00:00,1.5617550892612309,54.783,-53.0,SI-13,31
65.80726623535156,1994-07-16 12:00:00,1.9197823663168065,54.783,-53.0,SI-13,31
77.85385131835938,1994-07-16 12:00:00,2.3037352078071787,54.783,-53.0,SI-13,31
92.3260726928711,1994-07-16 12:00:00,2.6932288835130462,54.783,-53.0,SI-13,31
109.72930145263672,1994-07-16 12:00:00,3.063555752866631,54.783,-53.0,SI-13,31
130.66600036621094,1994-07-16 12:00:00,3.3873554156225953,54.783,-53.0,SI-13,31
155.85069274902344,1994-07-16 12:00:00,3.642529073874559,54.783,-53.0,SI-13,31
186.12559509277344,1994-07-16 12:00:00,3.8368167348116504,54.783,-53.0,SI-13,31
222.47520446777344,1994-07-16 12:00:00,3.985098770891795,54.783,-53.0,SI-13,31
266.0403137207031,1994-07-16 12:00:00,4.101137710814369,54.783,-53.0,SI-13,31
318.1274108886719,1994-07-16 12:00:00,4.174420764807669,54.783,-53.0,SI-13,31
380.2130126953125,1994-07-16 12:00:00,4.19922320708565,54.783,-53.0,SI-13,31
453.9377136230469,1994-07-16 12:00:00,4.161159695072746,54.783,-53.0,SI-13,31
541.0889282226562,1994-07-16 12:00:00,4.055666432257345,54.783,-53.0,SI-13,31
643.5667724609375,1994-07-16 12:00:00,3.8731657330827964,54.783,-53.0,SI-13,31
763.3331298828125,1994-07-16 12:00:00,3.6578767784958592,54.783,-53.0,SI-13,31
902.3392944335938,1994-07-16 12:00:00,nan,54.783,-53.0,SI-13,31
1062.43994140625,1994-07-16 12:00:00,nan,54.783,-53.0,SI-13,31
1245.291015625,1994-07-16 12:00:00,nan,54.783,-53.0,SI-13,31
1452.2509765625,1994-07-16 12:00:00,nan,54.783,-53.0,SI-13,31
1684.2840576171875,1994-07-16 12:00:00,nan,54.783,-53.0,SI-13,31
1941.8929443359375,1994-07-16 12:00:00,nan,54.783,-53.0,SI-13,31
2225.077880859375,1994-07-16 12:00:00,nan,54.783,-53.0,SI-13,31
2533.3359375,1994-07-16 12:00:00,nan,54.783,-53.0,SI-13,31
2865.702880859375,1994-07-16 12:00:00,nan,54.783,-53.0,SI-13,31
3220.820068359375,1994-07-16 12:00:00,nan,54.783,-53.0,SI-13,31
3597.031982421875,1994-07-16 12:00:00,nan,54.783,-53.0,SI-13,31
3992.48388671875,1994-07-16 12:00:00,nan,54.783,-53.0,SI-13,31
4405.22412109375,1994-07-16 12:00:00,nan,54.783,-53.0,SI-13,31
4833.291015625,1994-07-16 12:00:00,nan,54.783,-53.0,SI-13,31
5274.7841796875,1994-07-16 12:00:00,nan,54.783,-53.0,SI-13,31
5727.9169921875,1994-07-16 12:00:00,nan,54.783,-53.0,SI-13,31
0.49402499198913574,1994-07-16 12:00:00,6.5338502304213355,55.067,-52.5,SI-14,31
1.5413750410079956,1994-07-16 12:00:00,6.507625634948982,55.067,-52.5,SI-14,31
2.6456689834594727,1994-07-16 12:00:00,6.47218133987074,55.067,-52.5,SI-14,31
3.8194949626922607,1994-07-16 12:00:00,6.438345434244462,55.067,-52.5,SI-14,31
5.078224182128906,1994-07-16 12:00:00,6.405687280964257,55.067,-52.5,SI-14,31
6.440614223480225,1994-07-16 12:00:00,6.37288558198209,55.067,-52.5,SI-14,31
7.92956018447876,1994-07-16 12:00:00,6.337742884764494,55.067,-52.5,SI-14,31
9.572997093200684,1994-07-16 12:00:00,6.296596686987551,55.067,-52.5,SI-14,31
11.404999732971191,1994-07-16 12:00:00,6.246820245635142,55.067,-52.5,SI-14,31
13.467140197753906,1994-07-16 12:00:00,6.178890729709031,55.067,-52.5,SI-14,31
15.810070037841797,1994-07-16 12:00:00,6.083300974382474,55.067,-52.5,SI-14,31
18.495559692382812,1994-07-16 12:00:00,5.943348242375048,55.067,-52.5,SI-14,31
21.598819732666016,1994-07-16 12:00:00,5.733096563150028,55.067,-52.5,SI-14,31
25.211410522460938,1994-07-16 12:00:00,5.4181047411027405,55.067,-52.5,SI-14,31
29.444730758666992,1994-07-16 12:00:00,4.973356273511598,55.067,-52.5,SI-14,31
34.43415069580078,1994-07-16 12:00:00,4.3931230719889625,55.067,-52.5,SI-14,31
40.344051361083984,1994-07-16 12:00:00,3.6950663662663157,55.067,-52.5,SI-14,31
47.37369155883789,1994-07-16 12:00:00,3.0596735809752262,55.067,-52.5,SI-14,31
55.76428985595703,1994-07-16 12:00:00,2.7383007412572344,55.067,-52.5,SI-14,31
65.80726623535156,1994-07-16 12:00:00,2.789485908864188,55.067,-52.5,SI-14,31
77.85385131835938,1994-07-16 12:00:00,3.0526112009653974,55.067,-52.5,SI-14,31
92.3260726928711,1994-07-16 12:00:00,3.3602299895939876,55.067,-52.5,SI-14,31
109.72930145263672,1994-07-16 12:00:00,3.6131627892219815,55.067,-52.5,SI-14,31
130.66600036621094,1994-07-16 12:00:00,3.768210242874798,55.067,-52.5,SI-14,31
155.85069274902344,1994-07-16 12:00:00,3.835193712347916,55.067,-52.5,SI-14,31
186.12559509277344,1994-07-16 12:00:00,3.853003543240998,55.067,-52.5,SI-14,31
222.47520446777344,1994-07-16 12:00:00,3.853838818672304,55.067,-52.5,SI-14,31
266.0403137207031,1994-07-16 12:00:00,3.8449939968445284,55.067,-52.5,SI-14,31
318.1274108886719,1994-07-16 12:00:00,3.8173936714876104,55.067,-52.5,SI-14,31
380.2130126953125,1994-07-16 12:00:00,3.773449465771948,55.067,-52.5,SI-14,31
453.9377136230469,1994-07-16 12:00:00,3.7198959893070986,55.067,-52.5,SI-14,31
541.0889282226562,1994-07-16 12:00:00,3.658458804649585,55.067,-52.5,SI-14,31
643.5667724609375,1994-07-16 12:00:00,3.580735406309736,55.067,-52.5,SI-14,31
763.3331298828125,1994-07-16 12:00:00,3.4511807061116575,55.067,-52.5,SI-14,31
902.3392944335938,1994-07-16 12:00:00,3.3359289523658395,55.067,-52.5,SI-14,31
1062.43994140625,1994-07-16 12:00:00,3.2625266184500576,55.067,-52.5,SI-14,31
1245.291015625,1994-07-16 12:00:00,3.1948254204671263,55.067,-52.5,SI-14,31
1452.2509765625,1994-07-16 12:00:00,3.107709390089053,55.067,-52.5,SI-14,31
1684.2840576171875,1994-07-16 12:00:00,3.0189683695451976,55.067,-52.5,SI-14,31
1941.8929443359375,1994-07-16 12:00:00,2.9603173266857215,55.067,-52.5,SI-14,31
2225.077880859375,1994-07-16 12:00:00,2.8346647330380383,55.067,-52.5,SI-14,31
2533.3359375,1994-07-16 12:00:00,nan,55.067,-52.5,SI-14,31
2865.702880859375,1994-07-16 12:00:00,nan,55.067,-52.5,SI-14,31
3220.820068359375,1994-07-16 12:00:00,nan,55.067,-52.5,SI-14,31
3597.031982421875,1994-07-16 12:00:00,nan,55.067,-52.5,SI-14,31
3992.48388671875,1994-07-16 12:00:00,nan,55.067,-52.5,SI-14,31
4405.22412109375,1994-07-16 12:00:00,nan,55.067,-52.5,SI-14,31
4833.291015625,1994-07-16 12:00:00,nan,55.067,-52.5,SI-14,31
5274.7841796875,1994-07-16 12:00:00,nan,55.067,-52.5,SI-14,31
5727.9169921875,1994-07-16 12:00:00,nan,55.067,-52.5,SI-14,31
